
COFECHA-style output, reproduced with dplPy 0.6.0 preset="COFECHA" on 11Sep26


      Measurement file name  : ca533.rwl
      Beginning year         : 626
      Ending year            : 1983

      Series intercorrelation: .669
      Avg mean sensitivity   : .316
      Avg standard deviation : .188
      Avg autocorrelation    : .720
      Number dated series    : 34
      Segment length tested  : 50

      Number problem segments: 20
      Pct problem segments   : 2.16


 PART 5:  CORRELATION OF SERIES BY SEGMENTS: 
-----------------------------------------------------------------------------------------------------------------------------------
Correlations of  50-year dated segments, lagged  25 years
Flags:  A = correlation under .3281 but highest as dated;  B = correlation higher at other than dated position
        critical value .3281 for the 50-year window, from pcrit = 0.01, one tailed

 Seq Series  Time_span     625  650  675  700  725  750  775  800  825  850  875  900  925  950  975 1000 1025 1050 1075 1100
                           674  699  724  749  774  799  824  849  874  899  924  949  974  999 1024 1049 1074 1099 1124 1149
 --- -------- ---------   ---- ---- ---- ---- ---- ---- ---- ---- ---- ---- ---- ---- ---- ---- ---- ---- ---- ---- ---- ----
  10 CAM071   1037 1983                                                                                  .67  .63  .63  .72 
  11 CAM072   1114 1983                                                                                                 .78 
  12 CAM081   1081 1983                                                                                            .63  .75 
  13 CAM082    977 1983                                                                        .62  .58  .53  .70  .77  .75 
  20 CAM121   1000 1983                                                                             .54  .61  .45  .49  .72 
  21 CAM122   1000 1983                                                                             .66  .58  .55  .60  .71 
  22 CAM131    695 1970            .60  .57  .66  .52  .67  .74  .50  .59  .77  .81  .63  .61  .63  .53  .48  .44  .64  .77 
  23 CAM132    710 1232                 .69  .65  .48  .60  .62  .56  .75  .82  .73  .53  .61  .68  .60  .54  .60  .69  .75 
  24 CAM141   1030 1970                                                                                  .46  .67  .59  .66 
  27 CAM161   1106 1609                                                                                                 .71 
  28 CAM162    971 1970                                                                   .59  .65  .60  .56  .60  .67  .70 
  33 CAM201    990 1582                                                                        .37  .44  .35  .57  .71  .55 
  34 CAM211    626 1968       .62A .29B .43  .41  .17B .41  .48  .30B .42  .59  .52  .34  .46  .55  .22B .26B .57  .47  .57 
 Av segment correlation    NaN .62  .45  .56  .57  .39  .56  .61  .45  .59  .73  .69  .50  .57  .58  .52  .50  .58  .63  .70 

 Seq Series  Time_span    1125 1150 1175 1200 1225 1250 1275 1300 1325 1350 1375 1400 1425 1450 1475 1500 1525 1550 1575 1600
                          1174 1199 1224 1249 1274 1299 1324 1349 1374 1399 1424 1449 1474 1499 1524 1549 1574 1599 1624 1649
 --- -------- ---------   ---- ---- ---- ---- ---- ---- ---- ---- ---- ---- ---- ---- ---- ---- ---- ---- ---- ---- ---- ----
   1 CAM011   1530 1983                                                                                  .70  .74  .83  .72 
   2 CAM021   1433 1983                                                              .72  .64  .68  .71  .71  .68  .72  .71 
   3 CAM031   1356 1983                                               .47  .37  .54  .67  .70  .68  .60  .53  .48  .49  .59 
   4 CAM032   1435 1983                                                              .48  .53  .68  .71  .54  .36  .62  .68 
   6 CAM042   1538 1983                                                                                  .63  .60  .64  .66 
   7 CAM051   1247 1983                      .58  .54  .60  .69  .52  .38  .17B .30A .57  .42  .47  .68  .60  .64  .73  .66 
   8 CAM061   1357 1983                                               .74  .75  .80  .78  .80  .80  .75  .63  .69  .82  .83 
   9 CAM062   1525 1983                                                                                  .67  .74  .76  .77 
  10 CAM071   1037 1983  .82  .63  .62  .66  .61  .59  .61  .75  .78  .80  .82  .77  .71  .73  .76  .82  .78  .77  .76  .68 
  11 CAM072   1114 1983  .77  .53  .49  .57  .65  .74  .68  .70  .80  .77  .59  .66  .77  .72  .69  .59  .53  .67  .75  .75 
  12 CAM081   1081 1983  .65  .65  .70  .68  .75  .81  .76  .65  .67  .70  .64  .71  .71  .67  .68  .69  .55  .52  .70  .76 
  13 CAM082    977 1983  .53  .49  .76  .77  .65  .61  .62  .65  .53  .52  .56  .58  .60  .55  .65  .77  .68  .73  .78  .70 
  14 CAM091   1460 1983                                                                   .78  .84  .89  .76  .72  .70  .72 
  15 CAM092   1591 1983                                                                                            .82  .80 
  18 CAM111   1446 1983                                                              .79  .80  .85  .88  .86  .80  .86  .79 
  19 CAM112   1471 1983                                                                   .75  .82  .86  .83  .81  .82  .78 
  20 CAM121   1000 1983  .75  .77  .81  .77  .79  .79  .72  .73  .72  .78  .76  .78  .70  .60  .84  .80  .64  .78  .88  .86 
  21 CAM122   1000 1983  .69  .63  .70  .75  .73  .71  .65  .57  .61  .79  .74  .77  .84  .83  .82  .84  .78  .70  .71  .76 
  22 CAM131    695 1970  .67  .58  .64  .70  .68  .64  .61  .51  .50  .51  .48  .67  .69  .62  .62  .71  .64  .51  .63  .75 
  23 CAM132    710 1232  .72  .67  .74  .69                                                                                 
  24 CAM141   1030 1970  .76  .74  .80  .84  .82  .83  .79  .77  .77  .74  .77  .81  .85  .87  .87  .84  .74  .71  .75  .76 
  25 CAM151   1222 1970                 .56  .59  .65  .60  .72  .66  .37  .41  .68  .63  .70  .70  .71  .79  .81  .84  .78 
  26 CAM152   1221 1449                 .49  .53  .59  .62  .64  .68  .71  .69  .77                                         
  27 CAM161   1106 1609  .77  .65  .62  .73  .70  .68  .68  .71  .46  .35  .48  .41  .46  .45  .23B .33B .60  .58  .52      
  28 CAM162    971 1970  .63  .54  .66  .72  .54  .47  .51  .56  .49  .34B .44  .52  .43  .62  .84  .72  .54  .56  .62  .39 
  29 CAM171   1213 1970                 .58  .49  .42  .34  .57  .57  .47  .52  .58  .78  .79  .62  .66  .62  .64  .82  .78 
  30 CAM172   1174 1970       .50  .49  .62  .62  .56  .46  .59  .52  .41  .55  .60  .57  .62  .56  .62  .64  .65  .77  .82 
  31 CAM181   1190 1970            .76  .68  .59  .71  .68  .67  .75  .61  .60  .73  .77  .85  .74  .66  .70  .68  .70  .74 
  32 CAM191   1180 1970            .75  .76  .73  .67  .59  .72  .79  .72  .80  .84  .71  .57  .66  .77  .54  .65  .76  .76 
  33 CAM201    990 1582  .42  .45  .49  .47  .62  .69  .53  .42  .29A .30B .31A .51  .67  .58  .55  .51  .46  .60           
  34 CAM211    626 1968  .66  .55  .75  .79  .60  .52  .55  .73  .60  .29B .42  .76  .69  .59  .66  .67  .66  .66  .76  .50 
 Av segment correlation   .68  .60  .67  .67  .65  .64  .61  .65  .62  .56  .56  .66  .68  .67  .69  .71  .66  .66  .73  .72 

 Seq Series  Time_span    1625 1650 1675 1700 1725 1750 1775 1800 1825 1850 1875 1900 1925 1950 1975
                          1674 1699 1724 1749 1774 1799 1824 1849 1874 1899 1924 1949 1974 1999 2024
 --- -------- ---------   ---- ---- ---- ---- ---- ---- ---- ---- ---- ---- ---- ---- ---- ---- ----
   1 CAM011   1530 1983  .64  .74  .72  .52  .51  .50  .41  .49  .58  .63  .38  .31A .35  .17      
   2 CAM021   1433 1983  .71  .70  .61  .66  .80  .71  .53  .50  .67  .79  .78  .68  .61  .56      
   3 CAM031   1356 1983  .66  .56  .64  .67  .57  .66  .50  .33A .59  .70  .64  .69  .72  .64      
   4 CAM032   1435 1983  .64  .71  .73  .61  .60  .67  .65  .59  .72  .85  .73  .70  .69  .62      
   5 CAM041   1683 1983            .33  .35  .39  .48  .57  .68  .72  .73  .58  .50  .65  .68      
   6 CAM042   1538 1983  .79  .73  .69  .64  .44  .47  .54  .44  .56  .76  .73  .74  .76  .77      
   7 CAM051   1247 1983  .74  .75  .68  .66  .60  .52  .51  .57  .54  .44  .43  .36  .49  .48      
   8 CAM061   1357 1983  .85  .85  .82  .76  .79  .79  .75  .81  .81  .85  .78  .75  .72  .67      
   9 CAM062   1525 1983  .81  .82  .80  .79  .84  .86  .81  .78  .80  .83  .74  .74  .78  .77      
  10 CAM071   1037 1983  .69  .73  .68  .68  .73  .67  .68  .73  .60  .72  .70  .38  .38  .41      
  11 CAM072   1114 1983  .73  .72  .78  .75  .78  .86  .84  .82  .66  .67  .62  .59  .77  .68      
  12 CAM081   1081 1983  .71  .51  .51  .59  .73  .87  .67  .58  .62  .62  .67  .48  .38  .44      
  13 CAM082    977 1983  .74  .67  .62  .64  .63  .74  .78  .60  .52  .41  .41  .72  .67  .53      
  14 CAM091   1460 1983  .85  .84  .79  .71  .71  .74  .75  .79  .81  .80  .73  .70  .75  .73      
  15 CAM092   1591 1983  .76  .70  .60  .58  .68  .54  .48  .66  .79  .65  .45  .54  .67  .71      
  16 CAM101   1727 1983                      .71  .74  .81  .79  .81  .82  .79  .82  .82  .84      
  17 CAM102   1665 1983       .66  .60  .71  .77  .80  .82  .67  .64  .80  .75  .59  .68  .72      
  18 CAM111   1446 1983  .77  .86  .83  .82  .87  .81  .76  .75  .80  .88  .77  .71  .82  .75      
  19 CAM112   1471 1983  .76  .83  .81  .75  .80  .79  .78  .80  .80  .85  .77  .70  .70  .63      
  20 CAM121   1000 1983  .86  .89  .88  .81  .76  .76  .71  .73  .69  .52  .39B .57  .68  .66      
  21 CAM122   1000 1983  .84  .89  .87  .76  .78  .90  .82  .78  .80  .83  .58  .47  .66  .54      
  22 CAM131    695 1970  .79  .73  .63  .44  .55  .63  .43  .27A .48  .66  .65  .62  .60           
  24 CAM141   1030 1970  .79  .83  .71  .65  .74  .76  .77  .72  .77  .81  .72  .76  .86           
  25 CAM151   1222 1970  .78  .82  .70  .62  .74  .74  .73  .76  .73  .79  .79  .75  .78           
  28 CAM162    971 1970  .42  .52  .51  .68  .77  .67  .57  .62  .61  .69  .75  .55  .58           
  29 CAM171   1213 1970  .78  .72  .50  .39  .55  .56  .57  .49  .49  .59  .61  .57  .59           
  30 CAM172   1174 1970  .82  .80  .71  .70  .80  .68  .69  .78  .74  .79  .79  .74  .77           
  31 CAM181   1190 1970  .79  .80  .80  .65  .54  .45  .38  .42  .44  .58  .65  .47  .54           
  32 CAM191   1180 1970  .74  .68  .82  .69  .68  .69  .75  .81  .77  .85  .80  .73  .80           
  34 CAM211    626 1968  .47  .76  .71  .63  .73  .61  .52  .52  .51  .69  .65  .50  .49           
 Av segment correlation   .74  .74  .69  .65  .69  .69  .65  .64  .67  .72  .66  .62  .66  .62   NaN

 PART 7:  DESCRIPTIVE STATISTICS: 
-----------------------------------------------------------------------------------------------------------------------------------

                                                Corr   //-------- Unfiltered --------\\  //---- Filtered -----\\
                           No.    No.    No.    with   Mean   Max     Std   Auto   Mean   Max     Std   Auto  AR
 Seq Series   Interval   Years  Segmt  Flags   Master  msmt   msmt    dev   corr   sens  value    dev   corr  ()
 --- -------- ---------  -----  -----  -----   ------ -----  -----  -----  -----  -----  -----  -----  -----  --
   1 CAM011   1530 1983    454     18      2     .565   .44   1.36   .222   .702   .344   2.73  1.001   .002   2
   2 CAM021   1433 1983    551     22      0     .681   .42   1.11   .185   .703   .296   2.42  1.001   .005   2
   3 CAM031   1356 1983    628     25      1     .627   .35   1.03   .214   .809   .374   2.98  1.001   .003   2
   4 CAM032   1435 1983    549     22      0     .661   .29    .85   .163   .665   .438   2.58  1.001  -.003   5
   5 CAM041   1683 1983    301     12      0     .549   .53   1.38   .223   .701   .264   2.68  1.002   .000   3
   6 CAM042   1538 1983    446     18      0     .641   .44   3.03   .348   .885   .268   2.51  1.001   .006   3
   7 CAM051   1247 1983    737     30      2     .554   .27   1.32   .140   .711   .313   2.49  1.001  -.001   4
   8 CAM061   1357 1983    627     25      0     .790   .46   1.09   .202   .510   .448   2.64  1.001   .007   2
   9 CAM062   1525 1983    459     18      0     .800   .44    .92   .188   .529   .430   2.26  1.001   .005   3
  10 CAM071   1037 1983    947     38      0     .709   .25    .62   .109   .578   .408   2.22  1.001  -.005   5
  11 CAM072   1114 1983    870     35      0     .718   .31   1.22   .163   .735   .385   3.68  1.001   .002   2
  12 CAM081   1081 1983    903     36      0     .657   .33    .82   .124   .719   .248   2.50  1.001  -.001   3
  13 CAM082    977 1983   1007     40      0     .634   .29    .76   .114   .770   .238   2.83  1.000   .002   3
  14 CAM091   1460 1983    524     21      0     .768   .53   1.54   .255   .630   .404   2.35  1.001   .000   1
  15 CAM092   1591 1983    393     16      0     .723   .35    .98   .226   .559   .687   2.82  1.001   .002   2
  16 CAM101   1727 1983    257     10      0     .806   .57   1.26   .260   .709   .330   2.27  1.002   .004   2
  17 CAM102   1665 1983    319     13      0     .747   .60   1.43   .261   .677   .346   2.38  1.002  -.001   2
  18 CAM111   1446 1983    538     22      0     .809   .63   1.42   .249   .625   .294   2.92  1.001   .007   4
  19 CAM112   1471 1983    513     21      0     .781   .57   1.27   .211   .580   .294   2.43  1.001   .006   4
  20 CAM121   1000 1983    984     39      1     .737   .26    .59   .106   .594   .358   2.29  1.001  -.004   4
  21 CAM122   1000 1983    984     39      0     .738   .27    .73   .109   .649   .319   2.75  1.001  -.000   5
  22 CAM131    695 1970   1276     51      1     .611   .55   1.20   .198   .788   .202   3.24  1.000   .002   3
  23 CAM132    710 1232    523     21      0     .648   .40    .99   .148   .809   .191   3.26  1.001  -.004   2
  24 CAM141   1030 1970    941     37      0     .755   .63   1.39   .204   .748   .190   2.39  1.001   .006   3
  25 CAM151   1222 1970    749     30      0     .702   .45   1.64   .273   .772   .382   3.41  1.001  -.002   3
  26 CAM152   1221 1449    229      9      0     .643   .53   1.25   .195   .691   .236   2.21  1.002  -.003   4
  27 CAM161   1106 1609    504     20      2     .563   .34    .90   .149   .794   .243   2.55  1.001  -.002   2
  28 CAM162    971 1970   1000     40      1     .596   .40   1.04   .184   .840   .241   2.61  1.001  -.003   2
  29 CAM171   1213 1970    758     30      0     .594   .45   1.54   .210   .803   .232   3.23  1.001  -.009   2
  30 CAM172   1174 1970    797     32      0     .659   .48   1.98   .249   .850   .227   2.82  1.001   .005   2
  31 CAM181   1190 1970    781     31      0     .654   .28    .80   .149   .807   .309   3.11  1.001   .002   2
  32 CAM191   1180 1970    791     31      0     .759   .37   2.54   .336   .881   .395   2.59  1.001   .006   2
  33 CAM201    990 1582    593     24      3     .505   .47   1.49   .181   .710   .242   3.21  1.001   .011   3
  34 CAM211    626 1968   1343     52      7     .555   .36   1.10   .182   .682   .388   2.67  1.000  -.000   4
 --- -------- ---------  -----  -----  -----   ------ -----  -----  -----  -----  -----  -----  -----  -----  --
 Total or mean:          23276    928     20     .669   .40   1.21   .188   .720   .316   2.75  1.001   .001
